CAZy_Family	P.1	P.2	P.3	P.JF.C.1	P.JF.C.2	P.JF.C.3	P.SC.1	P.SC.2	P.SC.3	P.JF.1	P.JF.2	P.JF.3	Control.1	Control.2	Control.3
AA1	2527.68615	2929.489521	2524.594625	2473.875475	2744.783497	2824.845519	1507.931081	1491.270109	1228.362063	1263.760257	1406.702062	1071.401544	2470.719987	2311.217019	2086.572744
AA10	45.39527029	31.86341183	120.0604742	34.37144136	18.05331339	43.91917245	113.9940112	109.1373384	127.8513861	64.56027538	158.3498909	69.84467029	23.0894111	38.70085406	332.4905095
AA2	138.2640169	150.1020267	148.4652584	171.9854506	98.94755945	84.27857525	116.0545746	95.44288701	105.1707905	109.7369762	143.9196417	90.33179954	114.2285389	78.43944337	85.9992073
AA3	1248.909073	1351.973349	1305.59299	837.1027428	862.2481924	890.8903768	1324.74329	1587.121098	1761.96718	1436.267879	1689.882445	1930.630728	1561.11611	1704.997453	1824.426485
AA4	61.39510285	44.63046494	71.00966344	62.23478558	49.85372058	51.66763796	52.12785743	30.04277663	57.81059396	100.4949638	81.13982145	69.85351664	17.52148523	13.34962723	7.239402642
AA5	1.275522295	1.175291435	0	11.31749122	10.86333093	0	2.102602437	7.60164351	1.753469591	29.04573845	1.86022338	3.593748654	0	0	0
AA6	849.4141882	937.8131423	848.7426515	630.1800304	633.3139351	565.0885122	781.1166343	931.0698399	717.7478026	588.2177728	678.380913	921.2865721	575.5301908	643.0157306	570.8989243
AA7	1956.614759	2389.825816	2217.59115	2009.783968	2017.989317	2176.886894	1183.736563	1374.916329	1135.296624	1210.337793	1271.469807	1765.023524	1249.339877	1129.272081	1256.27816
AA8	12.3505745	18.09914319	21.18113368	21.58930457	7.188581767	14.58503167	0	0	0	0	0	0	0	0	0
CBM1	17.63326861	32.70187925	23.75919331	31.97244036	21.14164018	18.43878583	0	5.06776234	10.52081754	60.61719328	34.69721	0	0	0	0
CBM10	335.0789037	330.8589178	350.4318467	370.0398826	267.7312691	265.0277836	370.2177931	424.8227732	366.8184349	287.6746026	339.3249627	399.7870064	423.3960272	339.001138	359.3071774
CBM11	334.5410313	277.9156021	266.5280873	239.7210083	212.9123022	189.4847978	352.1918121	301.367435	243.9883261	270.9980827	262.3541718	207.1758732	357.5749107	293.340871	245.4838075
CBM12	299.2520181	343.162587	229.9513731	297.4154282	373.7432266	347.3877351	485.2787809	385.8387361	467.136645	443.7460802	340.3905733	360.5640556	147.7308163	301.3093656	267.0210029
CBM13	2637.062159	3042.540676	2743.287894	2736.141671	2942.381916	3345.929516	1710.431128	1816.744396	1915.28305	1756.824231	1842.391569	1896.962711	1459.39438	1811.637831	1107.7021
CBM14	71.5394209	66.48592759	92.50927147	17.89606852	11.45773193	18.99047776	113.9760938	25.02670066	94.72104013	45.09979941	92.15625582	93.70810767	38.40120169	26.32800978	35.53972124
CBM16	116.8415152	102.930651	130.1220025	164.498342	113.2866784	155.1950619	236.1765073	153.5966774	264.7708645	100.866989	116.8072097	185.9101598	57.7038906	44.5790449	33.28017675
CBM17	0	0	0	0	0	0	2.843982487	0	0	0	0	0	0	9.562444923	20.23944187
CBM18	18.44737148	10.65961999	4.5166006	3.638121995	15.7145741	20.03792702	3.324384934	0	0	3.532589811	14.70581996	0	6.330246628	3.425834499	0
CBM19	3.141812812	13.0271777	6.133068183	8.645326741	13.04033956	13.75181749	0	0	0	0	0	0	0	0	0
CBM2	2208.989747	2207.784549	2169.434409	2869.204863	2236.796398	2071.340492	2930.306631	2693.49983	3038.766996	1821.909739	2068.098055	2290.063185	2602.461201	2103.602599	1956.470708
CBM20	700.9314741	504.9716588	572.1520119	924.4467926	807.0377939	802.4430224	613.1969962	706.158939	849.9204143	943.4213393	555.0291961	579.1292405	325.2474353	236.5334689	207.967582
CBM22	173.30076	205.380336	182.0026538	87.2650287	123.9713227	107.8955784	75.52545372	39.98828148	24.2999618	43.21078971	40.42847487	18.11181045	22.36528489	16.58309963	17.45191651
CBM23	18.65678805	5.689387084	17.25073425	34.14944701	33.70316288	55.47407029	0	0	0	4.791572947	0	8.501844171	0	0	0
CBM25	172.5716136	174.6928342	127.3687967	155.0966613	224.1950912	263.5030757	49.62361174	48.82178617	106.9414749	79.32687459	63.28453027	65.27714119	79.7324314	40.7400921	73.40499734
CBM26	43.40689722	95.31599671	52.27652525	49.00673109	84.21684644	62.65326148	233.5251246	220.5146973	252.0513495	136.6691219	140.5897687	97.01736696	401.0612466	247.7144264	374.6398815
CBM27	411.3191159	402.5120875	435.4843281	439.2501547	525.4584497	565.0972139	143.3948411	127.4324735	202.9617008	241.0542019	270.020503	172.2876513	52.95599411	116.1985299	73.12043045
CBM28	0	0	0	0	0	0	2.843982487	0	0	0	0	0	0	9.562444923	20.23944187
CBM3	651.5342972	543.8185787	446.9627059	693.3813213	721.7629894	593.9315044	476.9452944	464.5467853	479.9917776	446.8219736	448.2623218	394.8270426	328.778905	243.0418983	120.6859681
CBM30	22.86177727	11.79198473	22.57387069	18.81122506	11.79422452	13.97800901	2.911295682	0	0	0	5.151387821	0	0	0	0
CBM32	1944.019241	1571.248681	1669.968198	2760.711379	2614.475058	2547.621189	1508.989473	1356.582471	1706.78216	1322.068407	1568.150143	1163.338287	519.1119601	668.4908679	561.725955
CBM34	198.1771141	110.3033013	155.1227644	179.7628979	203.1059255	230.8790206	161.2341358	188.0809479	227.2223567	70.35843696	71.35239266	78.02154313	133.6836392	65.37546841	76.32191499
CBM35	2801.96015	2402.757439	2547.703422	3609.881343	3963.31894	3746.5896	1733.946219	1678.164528	2060.211429	1507.871785	1577.734207	1214.80458	375.768214	424.5911457	410.566333
CBM36	39.79629562	81.19584828	44.39173161	53.63631284	47.19360982	29.0316147	23.42899859	16.94080554	23.44639339	19.91707779	8.29128135	4.004462786	0	0	0
CBM37	57.29628653	92.16835765	47.72013338	127.7393688	157.5355397	110.8850587	22.75737378	48.02115174	54.00067762	124.8290318	112.0525343	80.59072756	67.60593347	231.3332611	32.98267952
CBM38	145.6333756	164.7136936	177.4093929	205.8583512	198.4009917	180.0794517	151.8089412	142.1699494	187.7115359	236.5017537	297.3381599	285.5319544	90.20799743	106.1342882	655.0814727
CBM4	950.8840273	1134.015559	947.5310025	1278.707144	1212.367806	1456.812642	507.2915535	508.7259204	466.1704865	592.7935494	620.1958643	399.4807182	125.3614673	199.1404162	97.25037286
CBM41	316.8663114	324.2666554	358.9337721	305.7502392	464.2027736	596.395115	330.1669189	340.911204	422.6639141	360.4723174	278.5795268	407.2521513	363.5486248	333.5798362	280.4387714
CBM42	31.11198263	22.74945823	24.23629999	27.02720316	33.7467287	37.92888928	48.15360681	22.76601963	72.54818452	74.53664992	137.344039	63.60339031	9.20779904	5.337089535	5.210111999
CBM43	42.76665223	14.86584842	5.879624041	6.342131586	4.545428759	1.451580735	2.167440398	7.836055425	29.8759086	3.485488613	8.705845417	0	3.370059356	7.639962191	934.2557759
CBM44	22.86177727	11.79198473	22.57387069	18.81122506	11.79422452	13.97800901	2.911295682	0	0	0	5.151387821	0	0	0	0
CBM46	1.175087469	3.248246407	6.881592253	5.543122882	7.094243424	0	1.93704319	0	0	2.058359417	1.713749098	4.966164478	1.84424508	5.988466604	12.18427767
CBM47	707.426749	597.2659715	696.7390363	775.9718397	677.0483584	658.1140676	799.180152	1135.246085	2439.059066	890.8655056	806.5835308	1046.678879	211.5916253	553.0893581	128.4177629
CBM48	6568.596715	7290.041633	7274.894189	6523.400256	6840.159641	6883.750227	4405.447825	5797.804763	6061.974028	5430.895478	5161.508819	6043.82405	4226.5394	3802.033627	3122.321753
CBM5	973.4355848	965.3171405	1169.334869	996.0736359	1006.176754	950.3061329	1250.624747	1217.827456	1485.400983	1292.810507	1156.73082	1888.641813	897.0564795	782.9967974	649.3267987
CBM50	13980.63341	15322.7707	14114.63904	13920.13396	13705.06893	13378.43215	11778.3189	13316.7494	11566.87952	10649.91133	11325.95001	12624.50426	13146.29085	10881.51945	10323.00507
CBM51	3031.617263	2742.049039	2616.6988	3729.268976	3983.655548	3246.515753	1358.009891	1851.068555	2784.822558	2310.037408	2625.55663	2282.27178	431.4328211	729.1297354	504.1924766
CBM54	133.8818492	139.9730917	177.3262015	132.6626383	109.0336531	140.4518161	50.65445934	85.68715337	32.6256938	17.82084907	52.59583096	41.22362026	16.7046548	10.29559204	7.58493581
CBM56	176.6985045	187.3013301	193.2892073	157.3595268	168.083965	185.5440814	64.6092782	223.5938985	338.3919984	197.4900405	245.7263328	284.1914031	21.10302947	49.83015077	77.42837684
CBM57	1700.358898	2016.960744	1692.984188	2294.928207	2764.216844	2788.360737	1514.471381	1230.528344	1377.625306	1620.345721	1384.428488	1412.693165	1052.711382	984.2858178	815.6442307
CBM6	4316.085802	4147.22074	4288.949169	6933.289899	6685.543244	6389.587327	3036.792028	2971.827184	3614.168759	4283.403055	3750.483616	3291.29677	1387.942181	1411.980121	1024.280512
CBM61	23.34955059	33.10259694	31.01578585	51.75480759	27.26209154	31.88326109	33.16496204	35.64003662	10.02246945	8.549176342	13.38272781	0	17.70289746	34.637993	22.51854964
CBM62	57.3232956	39.02246762	43.11815752	162.5784209	164.577211	118.6346175	80.87717205	48.26691117	192.0059377	51.1371486	40.31070146	36.88697006	5.643834343	47.08261291	9.070253826
CBM63	10.06054942	4.014864172	28.14470664	30.36197087	25.04902185	28.1758469	3.133815097	0	5.989954515	3.330084663	5.949878081	11.10354552	22.31445441	78.61190136	37.85696058
CBM64	62.79891122	53.15773956	65.64821522	61.52434659	91.6852894	48.68233558	5.94965327	32.57789122	57.24788295	58.16313727	50.9452657	39.8964187	27.86207482	11.19039608	58.03326326
CBM66	129.6020621	98.92640955	92.92183023	141.5690833	154.3546391	134.7545966	138.8706662	95.9344681	106.9568604	107.6808626	114.9310546	66.43406219	50.45929075	69.65803721	151.3882551
CBM67	510.2119392	398.7896002	449.286058	640.6435999	671.4098106	649.4806983	441.8430975	463.031988	694.5956961	340.7662065	463.93791	371.716297	76.27001349	150.4503235	55.82437274
CBM68	153.3540909	110.4311266	125.1302343	98.30739661	269.0118643	355.4629217	19.84978407	44.1640306	113.3320955	29.80960737	5.53024704	32.04850825	0	0	0
CBM69	0	2.722952434	1.442181875	3.485032703	14.495787	10.77906486	0	0	0	0	0	0	0	0	0
CBM70	0	0	0	0	0	0	0	3.529334487	14.65399587	0	0	0	0	0	0
CBM8	27.31100558	31.42840453	29.04527498	24.59952111	24.16147988	29.45328184	7.598236992	23.06754567	6.512887052	23.43162518	16.3815704	2.224701548	19.24489544	28.4046782	4.334462923
CBM9	3068.887132	3339.028606	3024.072937	3273.207892	3682.593314	4082.035391	1100.170683	1158.579421	1668.15681	1130.095027	1061.92965	1209.080215	396.7915712	437.7238989	279.5735237
CE1	2567.687363	2394.848914	2436.375374	3014.010389	3129.479751	3056.88563	1834.074359	1521.348417	1770.537373	2091.3172	1564.962045	1658.860704	1095.758888	1105.553138	1110.542911
CE11	3798.546026	4027.33174	3678.281461	3900.90675	3853.627964	3594.909204	3184.682833	3124.004823	2883.65961	2687.333985	2882.212497	2937.656169	2660.266737	2745.050652	2402.479921
CE12	486.5060586	395.1511086	454.2635664	391.1622134	390.7794971	433.047429	127.5721965	123.1622969	127.4788279	238.6243641	273.0175506	197.785652	127.4611401	153.1009494	105.5077425
CE14	1983.994687	2182.408427	1834.837907	2047.71578	2275.248284	2164.757574	1499.707758	1518.810985	1435.507422	1269.879408	1093.48819	1127.950067	2072.000248	1549.325388	1267.011307
CE15	593.1220506	443.8142669	459.489711	753.4105993	728.9954864	666.6763448	256.0392523	300.0103355	392.1474083	327.2423273	311.9142372	166.2876003	56.00088845	112.1975742	37.85100575
CE16	69.65526942	81.71923492	60.74429483	125.7589132	103.225158	103.7442946	31.98867603	50.77114914	4.426886869	56.06528228	28.58531177	51.95733365	71.31315559	57.57056146	19.02259615
CE2	125.1270371	153.9641288	136.9937727	93.81732316	85.72210579	72.38297519	58.70450244	78.89634206	57.84501826	52.10416724	59.67221805	37.67418508	156.2515122	174.0146754	116.7246239
CE3	631.398104	637.8517224	626.5033882	583.1798677	590.4553263	623.90048	438.0382572	402.7966074	590.0795692	424.5523674	397.6040878	396.7157995	360.11821	347.7307476	276.0076198
CE4	2200.121468	2332.530896	2245.191376	2331.627448	2179.336232	2171.452599	2197.060958	2752.748544	2865.291979	2224.098875	2689.218731	3219.792911	2366.142949	2099.065909	1921.600911
CE5	6.305751066	3.873495715	6.154663494	0	0	0	52.28706782	32.31865463	42.66776513	5.975123337	3.065438527	0	23.71714671	19.04533673	37.49310429
CE6	483.6105229	463.996358	541.0638229	631.1254858	746.2629218	632.1024867	346.37036	497.008057	580.0958177	461.6936695	484.0329526	415.0592361	202.3301651	239.2738947	340.7962029
CE7	244.9196052	208.3236194	201.9509527	455.2460766	388.2981624	317.2735782	192.7996559	238.8536923	128.3617005	163.9682194	162.8156267	83.93746207	175.1201758	131.8791186	97.19520951
CE8	654.2075785	556.4454358	696.327647	872.6628073	827.0415643	831.2949549	404.4785169	344.4257671	402.5959479	354.9228868	394.9726846	379.7005691	231.201954	239.4915159	328.9618317
CE9	1016.963352	1073.944339	1105.623707	1322.985195	1466.389962	1405.280939	694.0423933	909.7941587	1103.854974	978.7213314	898.2485762	858.1191668	648.3508806	573.6582223	485.8515814
GH1	650.3670799	659.1707272	629.2851676	796.9612805	614.2885774	586.2849891	806.8872418	767.4066728	885.7559478	777.6891503	779.1508211	611.3448193	337.9211979	311.2890727	299.1700038
GH10	2031.941639	1777.153022	2076.235394	2886.973885	2728.446254	2621.627922	1229.678836	1223.478676	1613.677664	1729.015176	1907.339577	1415.059171	410.7684579	485.5285476	354.4665277
GH100	33.41868414	20.68512926	33.73842743	5.477880642	17.20600358	21.76207977	6.150112129	0	0	4.468575146	0	5.255857406	0	0	0
GH101	17.71324282	22.27596936	20.98106956	45.09849144	43.76939396	33.31862824	3.133815097	52.6106753	82.52428444	59.92643247	122.2374959	53.08494677	8.63480646	21.58938799	30.900526
GH102	485.0077633	561.1911416	454.701978	348.5901293	307.772727	295.818001	620.9923191	522.7455811	442.0643686	551.5576875	575.5729723	515.419335	1191.818958	1171.097321	1128.134254
GH103	1234.848126	1553.539746	1567.31015	1253.442387	1042.066093	1016.243522	1013.355245	1249.288315	1311.656046	969.7165715	1079.962565	1341.049623	1461.690701	1298.283835	1094.213644
GH104	234.2232074	150.038925	131.6118124	150.6787878	232.3493541	164.8264435	160.3571456	133.1333028	79.07049846	230.3882855	197.2757536	98.43544922	351.8099292	218.9218239	123.2822012
GH105	1866.312884	1436.062818	1750.98489	2561.39333	2535.832079	2266.151527	744.4253917	757.5562588	864.7831398	988.7073161	988.0822386	881.3491794	321.8636951	394.8405105	184.6684671
GH106	2086.854046	1621.656784	1950.452011	3485.028478	3290.243047	2699.667115	721.7478201	793.1642117	888.2634834	1369.723221	1586.209882	978.5895905	107.2253141	271.8203237	83.20880832
GH107	28.83913674	12.52148971	25.24779735	41.95887056	56.23820837	15.46264541	0	0	8.206237685	0	15.50423032	21.02342963	0	13.52062682	0
GH108	344.1871005	413.7355333	370.0267004	221.2920468	202.7559472	210.5675368	260.5853969	302.8050749	239.5253259	141.0420297	139.2640998	172.8579269	70.64946188	83.74371358	86.26718578
GH109	884.3748092	883.5432313	1062.310834	964.1870666	1064.012764	949.8742855	593.8975028	648.4775499	666.289432	564.1327296	638.37213	556.190257	77.07366188	110.2467213	47.07278601
GH11	61.78338118	112.3199265	76.55283958	84.40835195	96.76572377	61.52778544	37.0204066	42.62502056	60.40426392	113.8762914	60.63585809	41.24385593	32.83189482	50.63836664	12.28097828
GH110	648.089243	461.4203529	604.7937012	703.9394212	741.4014856	908.6647914	155.821433	223.369597	375.2668857	461.9056366	578.1305832	559.9902234	15.78601687	19.0413071	2.773124128
GH112	4.167273263	3.72263563	0	6.342131586	11.57352039	11.5843471	120.0226025	105.4417265	49.39786433	11.48724486	7.205834934	0	49.82764429	56.03627957	34.78961413
GH113	365.0982743	486.5531461	261.5800887	310.0783759	424.1310549	432.2868178	38.29988916	107.8069208	159.2499475	126.8790299	56.09422233	132.682367	82.41496867	81.54216304	24.53393646
GH114	57.1841068	21.99966343	47.62447787	36.53100361	38.72058627	19.4394847	49.86246553	26.61816159	10.22282429	22.36784835	50.2921604	6.943221766	23.53961058	14.653112	29.58155707
GH115	128.6080456	189.9163648	265.4916326	256.8400189	219.4732561	220.2397734	15.73583708	0	35.24417096	19.98242141	13.12251306	12.95726015	11.79449306	5.337089535	0
GH116	458.6905661	414.0978821	433.2072251	637.9357857	612.114735	507.584843	183.1530034	231.0452531	212.1144407	455.8342962	483.1313597	475.3232121	66.37450048	98.07437831	35.98953672
GH117	1429.122223	1225.355054	1451.592514	1704.30386	1700.600728	1678.242512	614.8482365	601.660128	953.4919166	995.6030747	1121.312685	777.9357577	92.81845361	252.8443824	97.41286275
GH119	0	8.378286566	1.820754617	18.32871696	14.82797333	38.73494226	0	8.01254316	0	0	0	2.627928703	56.3059847	17.12917249	13.15595671
GH12	63.05340402	41.36035398	70.61660872	31.60184428	52.62994658	55.39369845	131.8548294	101.0244998	88.18312385	55.51640563	49.89630158	24.01205442	0	68.11861701	64.92319607
GH120	245.6785702	212.5454899	220.1548527	348.5618174	325.4345795	302.478176	154.1690795	71.70795941	77.37195493	122.5171584	193.5062181	184.9880905	3.855582327	47.47973052	33.31667706
GH121	17.68648794	12.13947767	6.398526779	18.31538253	9.395709672	27.94902558	9.562472434	13.6176172	2.358114277	47.26120046	35.93562553	19.03258745	56.09447304	5.509354292	13.20330069
GH123	62.96064347	65.08013088	103.1828418	57.63233689	47.27025838	68.10308166	2.718281604	12.7529184	30.09138332	5.325873943	12.24143589	30.83645395	0	15.86514229	39.89621674
GH125	109.7343408	119.076873	207.2989202	75.64905446	111.1238504	128.1529051	0	13.31754484	24.17336787	43.17964679	13.39382605	7.354591939	0	0	0
GH127	941.3752283	753.9893109	893.8303694	1434.833987	1322.606554	1109.787469	559.0681882	522.0504424	640.8354053	793.9791955	798.9805492	588.9225761	39.29754834	103.6209636	272.8911093
GH128	152.2161556	120.3929443	158.0394004	213.5101821	228.7001973	258.9797613	89.38773524	88.43113423	37.40938941	96.23751398	84.84456322	47.01923437	108.7511857	121.326249	78.7738422
GH129	33.09121409	34.52224084	34.08580482	114.9406248	139.8024705	75.80251446	7.687640161	18.52900606	20.16802079	41.00940031	23.63833162	22.41264994	7.319347663	11.88336342	0
GH13	16063.40762	17396.23108	15784.24788	16525.06315	18622.29676	18564.21514	8482.557115	9513.93651	9047.460062	10101.82708	9481.243554	9829.054261	6993.503347	6384.052352	5044.004225
GH130	3464.184336	3646.961149	3022.570256	3318.839619	3674.151653	3575.599304	1781.142249	1610.605054	1479.914457	1562.492935	1710.234754	1113.390985	2526.541405	2477.367666	2807.236782
GH133	974.7141871	1003.613431	853.4208936	930.6796325	882.3290368	777.170692	1087.464056	900.5215479	704.250008	715.1353923	699.3248135	339.5399137	2280.74291	1931.582473	1625.212841
GH15	997.9056456	1076.974186	1008.607411	1037.602972	985.2398804	1025.365623	1021.46764	680.0355422	607.4033221	753.9304754	774.2314039	803.7817794	726.8003796	641.888697	588.6783983
GH16	6733.069954	7374.565582	6215.343906	6917.627796	7034.741137	7630.411428	3066.045156	3885.436167	4261.636467	4524.683671	4491.599574	4994.237119	1658.779547	1631.786601	1504.00513
GH17	2960.163219	2921.614807	2620.206332	2785.028491	2680.181721	2971.83834	1435.75004	2017.383747	2692.01126	2124.550688	2362.396691	3078.816696	446.9047943	850.6906072	1524.040659
GH18	2421.04812	2319.607727	2544.999296	2820.412989	3287.700095	3373.730769	1953.698716	1827.851974	2184.097869	2140.571346	2337.224993	2660.016529	1315.016241	1205.096066	1125.995861
GH19	493.9565339	446.8689951	570.3548717	300.9999476	387.6422726	378.1772315	699.6031452	610.242051	894.5782722	826.2409971	1277.822557	701.289615	332.1185436	1120.783837	791.7987941
GH2	10848.89861	9711.989353	10600.3138	14034.20898	14695.32475	14344.06876	5462.463975	4936.192308	5818.559837	7233.607567	7119.037037	5403.021986	1967.859279	2276.903767	1423.19301
GH20	2328.31371	2229.405224	2475.370575	2522.921022	2437.409065	2318.308044	1192.500849	1073.138323	920.8391765	1509.936321	1554.386371	1335.658821	476.9590516	395.9507353	270.8579487
GH22	4.607330418	4.846993316	0	2.483162632	13.10933606	1.152048202	13.29753974	3.137186211	20.37477503	49.73425235	24.92190342	24.80954433	2.27397209	4.922558309	35.27966038
GH23	10267.27432	11951.8488	10689.24566	10333.1435	10198.99864	9691.225971	8832.348155	9793.328391	8506.745527	8283.179133	8404.612328	9377.588641	11378.96603	10230.44469	9721.207573
GH24	491.4002614	278.6365281	421.1882975	386.0052858	537.9827752	463.5998793	1075.488991	680.5120267	714.1850718	1574.447919	2283.239951	1359.089598	662.4140027	1217.789526	537.1211274
GH25	237.8282232	204.7968606	142.4780885	148.0666317	171.0068588	150.6329415	314.2134025	286.0043124	106.5596826	279.0257326	316.1954376	351.5794034	138.6896562	98.2596588	198.4318548
GH26	623.9286062	577.001744	646.4555816	1222.743544	1160.961502	957.6189097	185.7376316	177.0809384	218.5279033	406.3050884	237.0158238	225.3513854	113.9837547	139.291594	70.73937815
GH27	679.1770208	591.6050974	746.8728409	948.0417316	945.823433	841.8596583	298.2853185	307.9713311	282.0939859	449.4401261	461.4521002	434.0544431	7.104480534	12.82689756	0
GH28	3831.051138	3837.764198	3908.295019	4196.379199	3957.628469	3886.975594	2486.611131	2748.67762	2724.890695	3684.969793	3089.376753	3520.402876	2160.727749	1931.288372	1920.82717
GH29	4908.867656	4027.27362	4590.412252	6560.852283	6527.960134	5467.888528	2647.401678	2440.091748	2807.092723	3469.678626	3914.920377	2761.437601	508.521121	973.8162281	695.5495803
GH3	13424.09344	13500.26171	13076.03946	14877.5257	15531.50985	16354.72237	7690.502385	8039.868639	8891.460422	9032.99868	8760.574853	9628.616315	5351.676403	4982.772051	5296.731251
GH30	1560.679773	1347.119293	1518.583263	1780.312243	1828.547388	1971.944024	624.7424717	818.3305339	1407.778008	1065.474671	1083.913472	1292.795177	73.72093896	182.1080336	105.5945775
GH31	3233.135955	3023.64524	2699.785733	2936.483664	3110.074459	2930.585832	1495.855173	1766.731803	2105.101933	2052.30719	2130.854675	2401.500871	596.1200916	438.1081996	335.3534255
GH32	821.1453553	724.0686205	758.401177	858.816345	907.7183878	1081.560368	625.6779086	553.7589333	650.7312805	553.5938981	649.2207845	550.9425656	245.4808408	236.7642656	2994.883344
GH33	1782.631914	1504.107965	1708.603902	2635.96869	2318.344327	2120.918579	1348.740452	1362.391015	1561.420318	968.8775283	1139.152745	698.4374802	1435.600617	1061.527745	959.4595993
GH35	469.7904363	565.1409487	683.85564	553.2070367	652.2493419	620.8801087	149.9510322	232.8212239	241.8850814	297.2574526	270.8902412	321.030974	49.92279141	59.40777392	27.35457178
GH36	1014.420749	901.0260316	1049.439102	1353.180722	1330.101997	1228.278221	759.3596548	954.6498263	742.5465622	979.1704218	911.6279482	550.735804	982.7790295	876.2536974	810.7151311
GH37	199.3332608	248.5605708	172.0542209	120.1160182	192.5624484	188.3331579	36.39817211	118.7596731	241.7083309	108.7698141	111.7572426	184.1600138	41.89828819	19.93960638	11.20369949
GH38	788.191982	630.1157616	757.8137906	999.9350833	1082.791392	980.062085	1070.36192	772.3154609	580.4634527	712.5265625	794.3652504	468.3479167	368.9908415	544.4971441	321.6508142
GH39	468.1966811	395.9038099	489.3053377	516.2750851	452.8333164	467.3865647	202.0995323	377.2218801	452.0352616	208.9496936	310.4702733	246.2735784	476.0029431	348.174521	345.1945643
GH4	796.4704921	615.6896194	758.1606731	1009.263076	846.2476606	623.6780798	1701.953619	1240.291733	872.9819503	818.8729048	654.0083488	889.3448495	762.9680248	548.424958	406.7323834
GH42	154.6546928	114.1790865	143.4018274	232.5128747	283.8616881	350.8833376	148.2521516	261.2274487	391.9551128	257.7768763	232.5813309	264.8191036	36.3243551	46.79458153	61.15067015
GH43	5783.06004	5475.668259	6097.462183	7785.158246	8093.029534	8027.840251	2131.428048	2377.596323	3143.490791	3250.67179	3222.047054	2569.301631	1005.354576	1277.31145	1391.796484
GH44	134.9968776	107.5757955	165.9449482	244.1629277	213.0667121	118.034541	37.07490968	51.35400113	33.04137019	54.32865099	57.31884278	78.52801572	33.4905258	36.77720763	10.82100184
GH45	22.29964841	3.544980028	0	1.348614188	1.294495567	1.251362703	14.71261691	16.94080554	53.46921418	0	0	0	15.87926273	34.37447497	13.11358698
GH46	4.369229135	10.03716043	10.6555111	3.425676915	1.644103859	8.767468465	27.03345991	21.6397151	17.96986354	3.816228409	14.29792131	30.69113814	5.147673082	9.942579169	21.45099257
GH47	490.2527239	562.3975602	693.7227018	705.9282297	454.7028183	409.6624195	601.9228089	614.3203006	542.228755	645.3814894	628.0817134	823.7241622	374.5897894	340.6250918	483.4463765
GH48	93.38223822	73.28917537	55.22580367	54.93207475	66.80354037	46.8137151	106.2391304	96.18590831	37.30135362	60.39948916	60.52804954	22.59741115	50.07779591	9.267606213	59.42269843
GH49	66.20728417	62.72757062	60.57959785	94.96784394	125.8489127	100.3502179	13.03955279	25.7757641	36.35050469	32.10755339	39.65697902	35.06593654	6.660259485	0	0
GH5	2395.82644	1949.287577	2374.787083	3807.590285	3525.057501	3466.61288	1569.251209	1267.994577	1265.754406	1672.049821	1592.303309	1433.611487	825.0132041	906.7823781	795.7763149
GH50	274.3377823	263.807598	293.9591439	663.2998086	596.0395986	497.0728528	75.9032441	114.2492807	131.0340168	195.7309755	220.6254936	260.6975456	0	25.96678022	8.16543971
GH51	1219.427891	1035.171114	1203.2843	1570.81517	1722.624073	1717.646141	480.4207784	454.3008605	520.8824828	678.8290009	550.4924182	431.3753623	55.89179643	146.00378	1775.577368
GH52	19.66623466	5.502500809	8.771312063	57.070686	25.37225006	62.5421228	0	28.71188648	45.58774159	29.16850743	61.01875177	33.61361541	4.201239914	2.273648008	0
GH53	514.6941157	367.4339746	558.9184724	552.9081569	507.3674818	632.9826904	244.6017523	167.2917453	151.7522711	271.004904	239.6914631	159.0353872	69.63915173	128.7121361	76.44902479
GH54	32.50667073	44.20603278	35.39208308	42.60763064	33.99445348	50.73450386	7.398631132	0	0	3.057446152	8.577105537	9.687707839	0	0	0
GH55	412.2877283	491.5508456	463.0636553	784.7833767	641.6796973	585.3442776	198.3581499	245.3160492	247.0759962	277.3236487	380.644777	332.8133089	33.15987344	63.8320388	128.5960324
GH57	1376.921063	1275.856123	1336.671029	1719.792879	1564.708278	1358.390605	675.1648502	617.8723505	526.7730109	526.3043813	506.3256547	436.3995553	251.88751	202.7380728	417.7740559
GH58	0	0	0	0	0	0	19.57312891	5.841657082	2.021240809	46.27455862	111.7069866	25.482945	2.307577588	0	0
GH59	90.2084839	112.6279443	70.76956982	96.18471646	96.79898052	134.7257151	23.55512787	35.33280156	24.99568848	38.30012376	47.95142486	102.5013957	15.21423378	39.00998462	40.11786239
GH6	156.33651	154.4673621	143.3047456	201.3012278	144.8340341	97.31555032	141.0356911	101.333414	125.3589929	42.11913734	110.5040365	26.89145182	100.644075	52.87570787	364.5038607
GH62	9.327256785	2.864772873	6.069182056	4.163475807	0.825063109	0	3.604461321	9.491999304	38.46499959	0	2.686989326	0	1.715891027	3.714457918	0
GH63	248.7084882	192.187031	374.5055899	328.1140329	222.5743748	222.4314826	398.4513372	393.255759	414.2199674	362.3761723	345.3555199	221.3438724	239.7085958	230.6040072	142.788226
GH64	49.22704503	47.63224086	28.7479615	62.14812915	54.5952184	97.94064023	55.75623531	28.25964036	95.38125421	80.26659219	98.92507218	16.57955358	40.74487456	18.48148543	46.38438245
GH65	3661.85272	3942.671702	3781.626808	2870.358382	3492.48321	3697.349559	739.4746364	906.236877	1141.124379	1373.427797	1198.049961	1158.713648	923.0409937	776.7803448	606.7520628
GH66	44.08741979	30.7116778	47.57559264	58.63332732	73.06342832	108.075747	0	0	0	2.20136123	0	1.770394074	0	0	0
GH67	202.9965537	152.0277062	233.2721893	336.5939115	297.6826112	320.9800945	56.29548025	45.88139226	46.68043759	86.53770238	70.89868127	89.2457553	14.64495761	12.34249819	0
GH68	0	0	0	0	0	0	0	0	0	16.86526748	4.680562052	4.521167661	0	0	0
GH71	6.707240834	20.95468697	18.20754617	0	0	10.7415955	0	0	0	0	0	0	0	0	0
GH72	1053.831815	1246.479651	1232.815739	1230.29025	1409.612342	1432.923214	759.2326119	976.8067002	917.2870387	873.4540746	951.1638858	1241.511204	623.2136704	513.2817507	432.5195095
GH73	2062.099514	2019.366502	2028.204131	2141.300841	2226.716873	1881.901737	1110.539346	1182.873951	1278.463674	1712.882128	1489.421988	1499.189246	576.2378347	659.1000489	713.1796019
GH74	260.8586288	244.5058492	282.6661938	307.4379708	270.7720407	252.6771404	174.2366938	264.1299122	201.1381344	413.7611275	472.3189455	533.6893925	86.6716379	141.6686794	37.2807242
GH75	0	0	0	0	0	0	0	0	0	0	0	0	17.24312578	6.221147311	0
GH76	133.1522503	111.1733473	150.1833711	104.3605682	130.2903394	113.8549649	15.08231211	14.15738713	39.84169677	51.4555182	51.04164203	61.04122306	11.71095626	21.64044627	18.44288774
GH77	2393.051869	2587.324317	2511.352857	2733.273276	2586.844792	2543.983086	1377.27161	1484.772628	1474.25831	1351.505203	1513.252526	1733.59091	745.5570818	838.4819936	721.319664
GH78	5028.930982	4217.802425	4709.964534	7310.113338	6980.992195	6260.306474	2384.944009	2570.63835	3046.281834	3439.734848	3702.219318	2748.981876	869.3883558	1253.099675	610.5322501
GH79	40.13879153	59.86579883	55.11506877	78.18438262	54.27828094	61.83392404	0	2.501806725	1.419764305	4.149391207	12.54395941	7.561377339	0	0	0
GH8	270.2986168	363.3138888	302.0989383	296.3217287	404.0242061	486.9051166	179.6112871	97.8923702	165.5310217	292.8246924	505.6616796	387.2612184	101.6181579	97.08612381	99.49986738
GH81	553.7061226	615.2445608	617.4354801	779.7039574	691.9425393	712.3065893	376.346151	511.4452174	826.4999521	877.1123864	782.4313366	1106.564732	340.0535208	426.3191303	324.1927757
GH84	197.7661253	195.6745746	211.1406068	125.3391234	184.3111807	217.4683737	40.57598122	16.3010893	12.04204391	20.05541465	14.25695659	39.9611654	10.4097389	0	22.9244928
GH85	61.73108769	37.90250612	51.38063575	64.4605968	59.87740534	67.24517765	27.71085005	13.9255716	18.3701726	41.26635216	61.42381111	13.06616072	7.515052146	5.422711292	0
GH86	98.29837763	70.7995546	91.99694988	137.832038	218.2287337	183.0213312	30.93020868	49.57552141	45.52084033	49.11418824	35.55579261	46.162425	75.16289303	55.71373469	64.18362331
GH87	222.2853789	132.0970742	123.4748999	284.7014101	198.115144	172.5935612	142.4439987	179.5006419	165.3120047	132.0104454	122.0233407	92.25051334	68.49785475	52.06713636	58.19433553
GH88	948.4181657	837.886857	892.2628579	1444.259677	1387.769166	1342.547988	288.7132094	356.6415673	422.9121435	495.3159206	547.3511721	316.3772707	295.626411	179.5799788	135.485425
GH89	146.7164139	131.6646015	126.183601	60.23925775	66.94178829	74.80749555	8.329796137	0	21.0962682	32.61161613	31.57159356	24.01451718	21.33756895	40.59061997	9.793691542
GH9	1463.715686	1250.189265	1264.805111	2031.085371	1941.209198	1711.597836	751.9765393	550.4007263	703.0319895	715.0857325	663.4115333	508.8755177	165.5475338	241.0500461	93.24388477
GH90	0	18.30022372	13.78270343	0	0	9.63438541	56.61720871	17.43906452	0	7.688577824	41.52675133	3.091680827	0	26.92160208	0
GH92	4588.211782	4139.0116	4848.368561	6604.486593	6456.320993	6061.846651	1744.447516	1795.436322	2058.20449	2884.963547	2613.914111	1854.612928	286.635401	688.0648717	206.4391313
GH93	0	0	3.273266727	10.54646601	0	0	9.111277228	10.98015174	0	0	0	0	0	4.694662091	0
GH94	5076.085185	5099.471701	5352.111489	6442.444818	5712.7615	5413.140137	2919.110253	2759.844954	1815.042881	2469.470912	2754.110918	2434.038027	2594.049775	2009.69194	1662.796317
GH95	2880.570813	2241.94645	2652.183091	3727.428015	3804.161525	3319.711658	1202.705485	1342.22759	1643.38224	2042.914875	2491.442153	1678.258794	232.4595681	516.219595	330.6363084
GH96	153.5046262	205.9723667	157.4953626	112.6037963	152.5048112	210.4283747	56.74857428	152.8876876	159.5591726	92.0258199	68.59314565	54.32122398	4.461316671	10.00250454	0
GH97	2286.785845	2158.857673	2108.774683	2695.043475	2774.586589	2784.649365	671.1020613	858.5468565	1213.20764	1290.001734	1164.811376	826.320707	247.3331989	228.0085669	91.16794501
GH99	144.2817424	87.22879845	101.7756943	252.530134	275.4541912	194.923842	105.7710687	77.97357467	88.88362232	178.1668215	198.5114007	108.203032	91.02323068	97.35845972	89.2099397
GT1	1335.274823	1320.4548	1227.966061	823.7836345	772.3246389	645.0732785	1904.747395	1802.032462	1534.635613	1250.664619	1345.464509	933.052356	4638.692579	4006.01696	3874.762605
GT10	45.83991617	85.19334147	40.16886665	80.41845715	78.06554027	85.63648085	13.37813089	8.051610925	31.78663832	79.61023652	72.4862021	7.628379146	0	4.694662091	28.0708075
GT11	123.8101524	73.03861964	80.68562351	105.8354516	148.8536073	119.5053886	126.5201447	105.3702254	167.2578045	418.8987518	327.1719031	202.1415066	293.2004183	155.1072867	644.0041098
GT14	75.74945248	117.7974885	92.86225477	46.50853067	50.824449	78.8599622	56.50948618	78.62620646	166.5881091	27.17038981	21.90805734	18.38820726	0	3.091606743	0
GT15	4.73765424	2.182684094	2.312069355	3.724743947	8.938183679	5.708597472	0	0	0	41.46529557	37.52519576	13.04902528	0	0	12.45037109
GT17	44.80406665	17.06792021	17.87911366	27.57547513	19.91133094	17.94323149	25.80910661	9.320450279	84.84913082	62.40842704	59.13105622	76.37503839	97.17331477	93.22263944	76.15827487
GT19	1811.136538	1978.369902	1944.324888	2010.235343	2018.7436	1806.901834	969.1895214	1145.141843	1130.391878	1268.919528	1445.452128	1649.987119	704.8326377	685.9963213	522.595631
GT2	20359.30472	21210.21444	20017.77542	21916.72334	23489.75543	23951.54789	16612.14922	16456.13123	16987.5442	13981.85106	13943.79603	13520.86255	17197.24284	13521.94642	13268.62526
GT20	1806.96872	1810.119622	1529.485975	1653.578833	1658.028729	1716.009084	933.2378271	1004.315308	859.4001373	1026.264529	975.8859182	847.9361912	542.005022	573.7871986	310.9516688
GT21	19.51927898	21.76402988	16.76666122	1.764352396	4.861343066	1.566454031	0	0	26.75947071	3.761318648	0	0	0	0	0
GT24	0	0	0	0	0	0	2.033094919	17.15081552	27.12805846	41.49391207	0	6.674104643	0	0	0
GT25	163.214026	152.2603172	108.5332871	100.6420637	74.9564665	132.1420503	120.282523	148.4551349	188.654168	415.1729522	432.5932943	385.9593484	142.1708601	151.9350567	1720.171122
GT26	909.2945969	1033.103617	1006.834362	1278.626797	1201.46769	1076.771427	898.4551208	933.6081269	1015.542889	880.7379325	696.5012942	584.1526894	1117.32456	1045.519658	905.995375
GT27	9.628136037	6.653666027	18.79488637	1.892410231	4.989820068	0	12.65361064	10.22426145	82.61735293	20.67998473	12.31959257	28.72755051	0	4.783240621	8.74239132
GT28	3044.384318	3335.119541	3319.137734	3593.619821	2947.532902	2960.883802	2473.928852	3111.273067	2781.047671	2973.673634	2733.20878	3238.854	2829.397316	2557.460923	2368.476336
GT29	33.62558458	26.60298721	17.20664663	22.12280902	27.17978173	33.90920726	39.48312015	38.73163837	99.39530217	96.78724985	60.61247746	53.46796869	45.59231942	21.03789359	0
GT3	631.7380564	490.0352476	513.6217684	806.174976	881.2694851	721.9959961	270.754501	254.7831398	242.505145	471.8987603	358.945235	166.8710104	26.15026382	63.04467542	19.29852865
GT30	3668.565672	3831.718346	3688.157517	4066.615216	3849.761124	3666.491246	2619.292474	2812.464999	3009.18326	2473.145181	2722.515365	2815.650915	2415.208134	1951.038383	1681.26043
GT32	131.3640823	90.2660469	100.6666183	176.629106	107.9072053	161.6326372	83.57125859	151.6597834	250.7819535	876.9483046	1329.103409	1062.630669	44.90176137	128.9345719	495.9858246
GT34	142.6768851	69.35326093	107.203266	13.85708937	14.54361244	29.99595155	31.45439194	29.66621081	18.54220134	43.55131053	86.17555726	48.43374697	67.42877453	107.0040368	157.8342361
GT35	5205.39249	5645.037518	5276.686341	6078.798483	5423.97526	4808.559366	5057.527595	4996.96579	3904.809664	4069.545704	4263.556565	3726.947455	5284.32696	5159.394151	4130.18603
GT39	0	4.412056617	14.02078422	5.019441041	0	4.657478294	0	0	4.388362398	2.795846481	6.218461012	6.745485441	3.345987503	3.62159647	0
GT4	13536.96697	14352.46112	13581.60013	14590.73809	14422.49568	13847.79712	13235.28195	12582.33553	11563.63567	10165.60244	9922.625935	11054.04402	13883.98857	11477.95315	12013.9887
GT41	520.4741629	564.1367014	478.3764047	567.3162375	603.5990328	689.5898383	1136.622329	1232.07941	1144.236256	806.7293643	748.0137138	843.18859	3410.165808	2989.212134	2453.884232
GT45	0	0	0	0	0	0	75.69368774	5.701232633	55.41708624	0	0	0	0	0	0
GT47	1949.480579	1846.619759	2006.605033	2142.086327	1935.825043	1907.170763	1451.584555	1521.889212	1780.510423	1298.563836	1242.101431	1374.510777	1304.61631	1209.722404	1094.095783
GT48	0	0	0	0	0	0	18.81085697	26.73889409	82.27515743	38.87162022	1.618186881	10.94156189	0	0	0
GT49	8.072635414	43.86723814	16.85283266	30.12887385	36.26239263	49.66784236	47.35699852	55.06035392	62.18912923	27.73511942	52.69464438	53.0419603	0	3.520996568	0
GT5	3836.506572	4489.882745	3851.266705	3916.905672	3799.99702	4132.231295	2807.406834	2666.349255	2617.345213	2402.865016	2387.268778	2722.163698	3187.400767	2811.474127	2198.506533
GT50	0	0	0	0	0	0	5.794466265	0	27.17297247	35.61523365	11.86349329	22.76330792	0	0	0
GT51	10935.65168	11981.15483	11176.52106	11271.99461	11424.20946	11497.7324	8389.878529	8354.360148	8120.169907	8606.874204	8309.911168	8479.896586	10481.60858	8925.740384	8143.927632
GT55	31.53026455	26.76526848	30.02685373	64.06348239	48.22545145	66.31093006	46.54291451	38.04999379	84.508118	26.83570729	25.72418539	18.60883497	42.26905328	21.31246347	7.227141486
GT56	3.511437849	12.94203274	23.99111966	0	0	0	0	0	0	0	0	0	11.6526928	25.22505004	5.132349133
GT57	0	0	0	0	0	0	11.64518273	14.0338034	19.42304777	0	0	0	0	0	0
GT6	10.03372916	6.591894729	8.34396127	35.65653893	27.19831069	30.36190978	7.343417467	0	6.124057974	88.89419503	86.96876263	19.75636149	13.67702921	3.700901503	0
GT60	21.30743833	4.065811153	2.732117822	2.067479019	17.87817932	13.15965401	21.00420514	103.6837729	146.1546924	15.73966266	21.48197851	43.91063737	38.3057021	170.020257	134.1350833
GT62	0	0	0	0	0	0	11.71449929	11.29387036	35.16959008	2.489634724	0	0	0	0	0
GT64	0	3.900967316	2.06610453	0	1.597462615	15.44234825	0	0	0	0	0	0	0	0	0
GT66	1895.985142	1825.41924	1747.178662	1847.170865	1723.612583	1723.091917	1607.235553	1686.033377	1955.615626	1640.58413	1521.866985	1570.434287	1711.105963	1596.857862	1510.102937
GT7	291.874374	140.4681075	147.8956737	123.6804985	188.5063369	266.955404	120.4075673	116.2171427	151.2358452	926.9280214	806.8594831	1127.70154	223.2430134	516.5302797	7345.896377
GT70	7.832165297	10.56653856	11.7480109	137.4270262	39.47925597	29.22346552	2.309901269	0	5.779040623	0	0	0	7.842880125	31.57520038	7.264804055
GT72	0	0	0	0	0	0	0	0	0	19.99870516	16.65052402	2.297642582	0	0	0
GT74	32.78765357	32.07686739	32.33206499	54.74142193	49.21136645	36.32317869	55.13403007	35.10759042	11.84745572	55.50213806	42.00188579	28.12344752	12.78388988	9.142236704	4.775935999
GT76	0	0	0	0	0	0	0	5.201124507	2.399484703	0	0	0	0	0	3.016380631
GT77	0	0	0	0	0	0	0	0	0	23.98271982	44.71850227	38.57510023	5.511038241	2.982491211	42.69317741
GT78	16.49846426	2.764001968	4.39176993	2.35838059	6.791222976	1.094156333	0	0	0	7.881758171	6.562195038	2.1129075	0	0	0
GT8	237.5310154	201.7204001	230.4624083	263.6521053	296.5127304	363.3716898	154.5943767	87.61618942	96.06909323	90.75071504	85.47748404	69.49250443	274.7740344	173.7160797	200.8076638
GT80	436.8673554	474.9301759	505.4261065	449.1105711	293.5831485	343.2344861	270.0775533	457.4466588	434.8550527	356.4900214	458.2976504	533.4312385	114.0276143	179.4415521	188.9645404
GT81	841.1356512	824.1810053	765.1078108	712.9360179	603.5337014	542.0538422	701.4534624	664.8096426	552.211869	536.0557521	523.5483677	498.3420113	1211.307879	1001.775345	914.7816212
GT82	56.54356574	55.41306921	49.50553354	43.7265253	79.16603721	93.50816533	32.55941715	17.43906452	12.0679966	9.490671805	9.467231208	3.82244175	17.56643439	0	32.23756799
GT83	1553.194479	1650.034879	1529.317841	1623.124635	1712.664934	1698.133667	403.118837	361.4661157	564.6896774	586.7563761	578.528264	584.7144951	309.0804964	350.4104063	416.4104099
GT84	3866.902161	4119.429476	4160.982396	4936.973747	4212.76788	4009.384877	1836.703691	1827.825131	1141.81125	1510.140912	1667.152573	1745.572354	2095.988133	1742.316569	1411.909114
GT87	35.26337093	26.86993579	47.33042645	34.75912843	40.06131085	33.45533321	56.04366974	67.73221404	14.76669698	52.57486631	36.8010329	65.96796323	58.20042072	39.94934937	68.5996925
GT89	26.81928299	3.243570083	4.077603906	63.79576922	13.95655283	12.86201355	88.77915145	89.41918729	17.4484788	34.46680913	33.90656612	5.867003616	0	0	0
GT9	4400.730435	4739.868531	4237.630753	4396.331032	4437.656165	4239.524428	2923.985061	3229.098108	3464.17713	3053.890469	3073.588013	3725.115859	2497.487575	2844.019429	2222.412612
GT90	248.8321672	136.6186348	145.3995047	86.93763942	134.8959354	188.9507014	152.26205	121.0547207	144.5978667	597.3698628	527.1380824	686.0506609	140.4397759	351.4559957	3758.152718
GT93	0	0	0	0	0	0	75.69368774	5.701232633	7.890613159	0	0	0	0	0	0
GT94	5.933307972	13.15876535	14.37004675	5.120828309	12.44432203	7.776119801	13.59140802	6.826314601	4.533832975	2.501546852	2.404929673	6.346653793	5.610038927	3.036068897	15.44314634
GT96	8.859877905	11.45909149	5.394828495	8.063256034	21.39299664	24.58332723	0	0	0	0	0	0	0	0	0
PL1	1061.622912	960.6197604	924.6846463	1385.163326	1519.789521	1491.137241	524.9853963	651.0522869	855.5676122	700.597273	628.3985258	589.2874193	235.8044343	458.2891075	341.1688887
PL10	307.3167009	275.1138345	326.0613149	475.1290101	402.4802969	342.2328429	68.84124578	123.438688	128.3881153	178.6275594	182.8593958	187.6515509	10.98882614	7.422659143	0
PL11	644.096886	498.0155643	499.3954022	790.2891819	897.0943323	809.0541133	341.3826427	196.7313383	209.6248718	198.0397186	207.5288174	125.917051	58.48774299	126.0367306	43.83057404
PL12	566.7508881	510.6901562	564.3745534	846.5505194	872.1562632	839.4078937	239.1752537	284.2812181	252.9067868	437.3299611	395.3077507	289.3868427	197.6523698	174.5987039	45.93706084
PL14	11.36127957	14.92795678	13.75402426	47.13153088	67.22665871	60.0903429	13.48512301	15.82160033	36.03326551	47.56870316	23.24850602	78.99622617	2.389991074	15.52112773	0
PL15	0	0	2.149968551	0	0	0	10.89318753	10.93963457	25.73912189	15.43389792	1.606244542	1.551544622	1.72855443	0	0
PL16	0	0	0	0	0	0	0	0	0	0	0	0	0	0	108.3182285
PL17	43.52954729	67.67806452	132.769537	109.8570001	117.6358037	120.5004411	157.6456764	297.2378682	562.3355669	176.1527204	258.0503353	361.6721289	106.8436436	114.4584371	68.0842671
PL22	21.19482942	22.80521255	55.60195058	92.34243637	77.12612949	55.09055996	0	0	7.064173449	9.001236766	2.591025422	0	8.315471901	11.72935734	5.966207883
PL23	0	0	0	0	0	0	0	0	0	0	0	0	33.06622944	14.91245605	0
PL3	32.31017925	50.03994221	68.05470565	120.6158567	48.83164126	46.41697532	35.22440256	64.77563121	101.0541125	86.51525673	150.0637655	153.2297541	78.56280638	139.4514332	126.7172277
PL4	76.73617052	84.59119105	98.06002738	47.5778777	56.13012394	53.86620086	89.92372784	48.45993754	68.707997	49.19231493	101.8931607	28.46462838	0	8.363505127	0
PL5	14.36497302	7.766251706	9.784484891	12.35046677	2.521709913	13.78858706	3.01845994	0	2.170962351	5.591692963	0	0	56.32865505	34.53591197	36.00443221
PL6	151.0990892	149.5514411	136.9782236	293.8376504	357.6268192	420.0223126	272.886199	485.0599463	642.2161441	255.9874746	317.6732672	417.9199557	135.6078027	111.7449207	131.6898034
PL7	69.1813869	85.06933878	162.6718223	27.82320971	25.46849353	33.71760722	164.2815739	310.5452934	535.3369068	177.2410698	236.8894914	449.0410226	71.47613106	62.73426899	42.42103251
PL8	332.9225685	280.0439946	350.3356653	764.047252	693.9996319	662.4484613	66.03846623	85.76312464	142.5522419	167.1360472	158.5670886	78.82814395	10.70797105	6.540017902	2.743622808
PL9	333.9351823	361.7205178	383.859433	458.5519764	584.8981858	522.5848939	249.4101764	255.2902178	199.569322	155.7081256	185.8841856	152.3471789	102.6623654	134.0291603	83.92102953
